0.0
-1.7919162388725404e-17
3.8061689268220435e-17
3.550817682025763e-18
-2.8406541456206108e-18
-2.284639177450794e-18
-1.881428455582088e-17
-3.348269599382825e-17
-1.6225385448588662e-17
-1.5053447308222972e-17
2.4206150144763126e-18
-1.2618971764942877e-17
2.5237943529885755e-17
-1.9829812773481667e-17
-1.9829812773481667e-17
-1.9829812773481667e-17
-1.9829812773481667e-17
-1.9829812773481667e-17
-1.9829812773481667e-17
-1.9829812773481667e-17
-1.9829812773481667e-17
-1.9829812773481667e-17
-1.9829812773481667e-17
-1.9829812773481667e-17
-1.9829812773481667e-17
-1.9829812773481667e-17
-1.9829812773481667e-17
-1.9829812773481667e-17
-1.9829812773481667e-17
-1.9829812773481667e-17
-1.9829812773481667e-17
-1.9829812773481667e-17
-6.2200617844660816e-15
-5.684892098282662e-25
7.42375516463771e-32
-8.721511773146432e-32
-2.4776156892370885e-32
7.42375516463771e-32
-2.4776156892370885e-32
7.42375516463771e-32
-2.4776156892370885e-32
7.42375516463771e-32
-2.4776156892370885e-32
7.42375516463771e-32
-2.4776156892370885e-32
7.42375516463771e-32
-2.4776156892370885e-32
7.42375516463771e-32
-2.4776156892370885e-32
7.42375516463771e-32
-2.4776156892370885e-32
7.42375516463771e-32
-2.4776156892370885e-32
7.42375516463771e-32
-2.4776156892370885e-32
7.42375516463771e-32
-2.4776156892370885e-32
7.42375516463771e-32
-2.4776156892370885e-32
7.42375516463771e-32
2.164811859281111e-31
1.8448533315536808e-21
1.8448539866675083e-21
1.8448539866067415e-21
1.8448539866573803e-21
1.8448539866159197e-21
1.844853986728275e-21
1.8448539865662304e-21
1.8448539864649524e-21
1.8448539864966016e-21
1.8448539867586586e-21
1.8448539866675083e-21
1.8448539867918903e-21
1.8448539865488233e-21
1.8448539870624925e-21
1.844853987281506e-21
1.8448539870219814e-21
1.8448539867254265e-21
1.8448539866067415e-21
1.8448539867836615e-21
1.844853986525719e-21
1.8448539870523644e-21
1.844853986677636e-21
1.8448539863889937e-21
1.8448539867485305e-21
1.844853986262396e-21
1.844853986778914e-21
1.8448539866877637e-21
1.8448539867130833e-21
1.84485398689032e-21
1.8448539870219814e-21
1.8448539868498085e-21
1.8448539866675083e-21
1.844853986104466e-21
1.8448539867535944e-21
1.8448539865966138e-21
1.8448539866472526e-21
1.844853986459888e-21
1.8448539867687863e-21
1.844853986920703e-21
1.859729924336055e-21
1.8717792476592357e-21
1.8717792478617916e-21
1.8717792478617916e-21
1.871779247335146e-21
1.871779247274379e-21
1.871779247436424e-21
1.871779247841536e-21
1.8717792468490116e-21
1.8717792474060406e-21
1.871779247476935e-21
1.871779247578213e-21
1.8717792475579577e-21
1.871779246524922e-21
1.8717792473395768e-21
1.8717792473250184e-21
1.8717792479023027e-21
1.87177924611981e-21
1.8717792473826202e-21
1.8717792473148903e-21
1.871779247841536e-21
1.871779246990801e-21
1.871779247679491e-21
1.8717792472439958e-21
1.8717792475073185e-21
1.871779247031312e-21
1.871779247335146e-21
1.8717792484289482e-21
1.871779247081951e-21
1.8717792482036046e-21
1.871779248793549e-21
1.871779247740258e-21
1.871779247183229e-21
1.8717792474566797e-21
1.8717792468895227e-21
1.8717792472712142e-21
1.871779247497191e-21
1.87177924814537e-21
1.8717792470408068e-21
1.8717792479225584e-21
5.617890102774929e-27
3.5783473036201285e-34
1.5848939967026566e-44
-2.3984129961639705e-51
-1.1006651161391268e-60
-1.2228637764821276e-68
9.488929837570102e-80
-5.336516542201111e-87
-1.5737934547402883e-96
-1.2215305424682282e-104
-2.0282794892439293e-113
-3.1541621696023895e-122
-2.4302326351155353e-131
-1.8415798855071776e-140
-2.1622148946858523e-24
6.388426737150388e-11
5.834006922393831e-13
5.83400692243922e-13
5.83400692243922e-13
5.83400692243922e-13
5.83400692243922e-13
5.83400692243922e-13
5.83400692243922e-13
5.83400692243922e-13
5.83400692243922e-13
5.83400692243922e-13
5.83400692243922e-13
5.83400692243922e-13
5.83400692243922e-13
5.83400692243922e-13
5.83400692243922e-13
5.83400692243922e-13
5.83400692243922e-13
5.83400692243922e-13
5.83400692243922e-13
5.83400692243922e-13
5.83400692243922e-13
5.83400692243922e-13
5.83400692243922e-13
5.83400692243922e-13
5.83400692243922e-13
5.83400692243922e-13
5.83400692243922e-13
5.83400692243922e-13
5.83400692243922e-13
5.83400692243922e-13
5.83400692243922e-13
5.83400692243922e-13
5.83400692243922e-13
5.83400692243922e-13
5.83400692243922e-13
5.83400692243922e-13
5.83400692243922e-13
5.83400692243922e-13
5.83400692243922e-13
5.83400692243922e-13
5.83400692243922e-13
5.83400692243922e-13
5.83400692243922e-13
5.83400692243922e-13
5.834174643118535e-13
5.82852255000463e-13
5.828313092978893e-13
5.832362586361299e-13
-2.4920908637261085e-16
-2.447594145376193e-16
-8.902090031291165e-17
-8.902090031291159e-17
-3.7379989775237687e-16
-2.2251105536266085e-16
-6.677254113795344e-17
-5.78731974679701e-17
7.561695758177931e-17
7.56169575817793e-17
7.56169575817793e-17
-5.787319746797018e-17
-5.787319746797021e-17
7.56169575817793e-17
7.56169575817793e-17
7.561695758177931e-17
7.561695758177931e-17
7.561695758177935e-17
-5.787319746797018e-17
7.56169575817793e-17
7.56169575817793e-17
7.561695758177931e-17
7.561695758177931e-17
7.561695758177935e-17
-5.787319746797018e-17
7.56169575817793e-17
7.56169575817793e-17
7.561695758177931e-17
7.561695758177931e-17
7.561695758177935e-17
-5.787319746797018e-17
-2.7371720971374328e-28
5.183438503994196e-11
6.479297881354196e-20
8.106207794645926e-29
1.6163923817838336e-31
1.6163923817838336e-31
1.6163923817838336e-31
1.6163923817838336e-31
1.6163923817838336e-31
1.6163923817838336e-31
1.6163923817838336e-31
-8.249724181140247e-19
6.488830703549467e-19
3.4554175814956413e-18
3.455417581495522e-18
3.4554175814955966e-18
3.4554175814955527e-18
3.455417581495535e-18
3.4554175814956656e-18
3.4554175814955904e-18
3.4554175814956417e-18
3.455417581495738e-18
3.455417581495651e-18
3.455417581495618e-18
3.455417581495579e-18
1.501888362554654e-29
9.383027162736124e-21
5.353621770265475e-20
4.3805875617852795e-20
4.380587560551597e-20
4.3805875605558e-20
4.3805875605444943e-20
4.380587560547893e-20
4.380587560566761e-20
4.38058756053688e-20
4.380587560558952e-20
4.380587560550293e-20
4.380587560556893e-20
4.3805875605442674e-20
4.380587560550581e-20
4.380587560548128e-20
4.380587560544106e-20
4.380587560542767e-20
4.3805875605538676e-20
4.380587560555173e-20
4.3805875605464666e-20
4.380587560558149e-20
4.38058756053722e-20
4.380587560563054e-20
4.380587560557141e-20
4.3805875605348635e-20
4.3805875605562714e-20
4.380587560553393e-20
4.3805875605514824e-20
-5.7906916473147634e-18
-0.010516889257399045
-0.010805938768478506
-0.010805938768413525
-0.0108059387683227
-0.010805938768002218
-0.010816735404493266
-0.010816735404345804
-0.010816735404346963
-0.010816735404346805
-0.010816735404346554
-0.010816735404346396
-0.010816735404347574
-0.010816735404347317
-0.010816735404347024
-0.010816735404346994
-0.010816735404348101
-0.010816735404346517
-0.01081673540434628
-0.010816735404346061
-0.01081673540434716
-0.010816735404347017
-0.010816735404346795
-0.010816735404347893
-0.010816735404347697
-0.010816735404347452
-0.010816735404345789
-0.010816735404346845
-0.010816735404346604
-0.010816735404346493
-0.010816735404347515
-0.010816735404347298
-0.010816735404346994
-0.010816735404346774
-0.010816735404346568
-0.01081673540434635
-0.010816735404346077
-0.010816735404347149
-0.01081673540434684
-0.010816735404346604
-0.010816735404347806
-0.01081673540434746
-0.010816735404345697
-0.01081673540434683
-0.010816735404346625
-0.010816735404346427
-0.010816735404347393
-0.010816735404347133
-0.010816735404348077
-0.010816735404346592
-0.01081673540434628
-0.010816735404347204
-0.010816735404346847
-0.01081673540434657
-0.010816735404347685
-0.010816735404347353
-0.010816735404347022
-0.010816735404346791
-0.010816735404346411
-0.010816735404347362
-0.010816735404347138
-0.01081673540434812
-0.010816735404346372
-0.01081673540434596
-0.010816735404347144
-0.010816735404346774
-0.010816735404347752
-0.010816735404347378
-0.01081673540434689
-0.010816735404346623
-0.01081673540434752
-0.01081673540434715
-0.010816735404348191
-0.010816735404346411
-0.010816735404345997
-0.010816735404346993
-0.010816735404346548
-0.01081673540434761
-0.010816735404345742
-0.01081673540434682
-0.010816735404346365
-0.010816735404347261
-0.010816735404348212
-0.010816735404346326
-0.010816735404347326
-0.010816735404346958
-0.010816735404347787
-0.010816735404347338
-0.010816735404346897
-0.010816735404346335
-0.010816735404347255
-0.010816735404348191
-0.010816735404346339
-0.010816735404347242
-0.010816735404346764
-0.010816735404347586
-0.010816735404345709
-0.010816735404346623
-0.010816735404347478
-0.010816735404347013
-0.010816735404346427
-0.010816735404347156
-0.010816735404346694
-0.010816735404347503
-0.010816735404346953
-0.010816735404346437
-0.010816735404347265
-0.01081673540434812
-0.010816735404346122
-0.010816735404346958
-0.010816735404347723
-0.010816735404347098
