0.0
0.09662660590778464
0.09614455157530295
0.09304330670469338
0.09304330669073113
0.09304330669073113
0.09304330669073113
0.09304330669073113
0.09304330669073113
0.09304330669073113
0.09304330669073113
0.09304330669073113
0.09304330669073113
0.09304330669073113
0.09304330669073113
0.09186504468527763
0.09078567432082457
0.09076660683807539
2.634123538035696e-10
7.249879568447934e-20
1.9827795806060912e-29
-9.524961956474416e-32
-9.524961956474416e-32
-9.524961956474416e-32
-9.524961956474416e-32
-9.524961956474416e-32
-9.524961956474416e-32
-9.524961956474416e-32
-9.524961956474416e-32
-9.524961956474416e-32
-9.524961956474416e-32
-9.524961956474416e-32
-9.524961956474416e-32
-9.524961956474416e-32
-9.524961956474416e-32
-9.524961956474416e-32
-9.524961956474416e-32
-9.524961956474416e-32
-9.524961956474416e-32
1.0914018908460268e-32
9.950394468635846e-32
-8.164179432357493e-34
5.846472957490773e-28
3.077748367819697e-31
7.895093639189657e-31
8.162723932043543e-31
8.162723932043543e-31
8.162723932043543e-31
8.162723932043543e-31
8.162723932043543e-31
8.162723932043543e-31
8.162723932043543e-31
7.578725603918081e-32
-3.089105336490625e-32
1.3498920764774913e-31
3.56464279444397e-19
1.9604095754214424e-17
1.8347681489368286e-17
1.709126722429708e-17
-5.239266123479773e-17
-1.441810447820209e-26
6.063960017749336e-31
6.063960017749336e-31
6.063960017749336e-31
6.063960017749336e-31
6.063960017749336e-31
6.063960017749336e-31
6.063960017749336e-31
6.063960017749336e-31
6.063960017749336e-31
6.063960017749336e-31
6.063960017749336e-31
6.063960017749336e-31
6.063960017749336e-31
6.063960017749336e-31
6.063960017749336e-31
6.063960017749336e-31
6.063960017749336e-31
6.063960017749336e-31
6.063960017749336e-31
6.063960017749336e-31
6.063960017749336e-31
6.063960017749336e-31
6.063960017749336e-31
6.063960017749336e-31
6.063960017749336e-31
6.063960017749336e-31
6.063960017749336e-31
-6.1837060014864515e-50
3.463706786294511e-59
-1.0135559607789094e-68
-2.1412489808682547e-78
-2.521284738287565e-88
1.1807103461280803e-97
-3.997219533579414e-107
-2.6899515366415746e-117
-2.236796955978488e-127
1.1861103277748856e-135
-3.146619304507373e-145
-7.368642500137158e-155
-1.06488358520412e-164
1.339934000029975e-173
-7.803896670938861e-184
-4.563207564824866e-194
3.863471107070367e-204
2.7435801170218913e-213
1.6248659264436433e-11
-4.0208284341120974e-17
-4.0208284341120974e-17
-4.0208284341120974e-17
-4.0208284341120974e-17
-4.0208284341120974e-17
-4.0208284341120974e-17
-4.0208284341120974e-17
-4.0208284341120974e-17
-4.0208284341120974e-17
-4.0208284341120974e-17
1.1096054629560312e-17
-1.318508987633356e-27
-2.7947223223883606e-31
-6.591895317303468e-32
-4.673150067925379e-32
-4.673150067925379e-32
-4.673150067925379e-32
-4.673150067925379e-32
-4.673150067925379e-32
-4.673150067925379e-32
-4.673150067925379e-32
-4.673150067925379e-32
-4.673150067925379e-32
-4.673150067925379e-32
-4.673150067925379e-32
-4.673150067925379e-32
-4.673150067925379e-32
-4.673150067925379e-32
-4.673150067925379e-32
1.2239516605414217e-17
4.435421155173042e-18
-9.2919265972296e-18
-9.875448279920707e-16
-6.914765584285783e-17
-6.914765584388352e-17
-6.914765584388352e-17
-6.914765584388352e-17
-0.005543344659226687
-0.010215452906135073
-0.010215452907262175
-0.010215452907262175
-0.010215452907262175
-0.010215452907262175
-0.010215452907262175
-0.010215452907262175
-0.010215452907262175
-0.010215452907262175
-0.010215452907262175
-0.010215452907262175
-0.010215452907262175
-0.010215452907262175
-0.010800493934919135
-0.010816735404341188
-0.010816735404346387
-0.010816735404346387
-0.010816735404346387
-0.010816735404346387
-0.010816735404346387
-0.010816735404346387
-0.010816735404346387
-0.010816735404346387
-0.010816735404346387
-0.010816735404346387
-0.010816735404346387
-0.010816735404346387
-0.010816735404346387
-0.010816735404346387
-0.010816735404346387
-0.010816735404346387
-0.010816735404346387
-0.010816735404346387
-0.010816735404346387
-0.010816735404346387
-0.010816735404346387
-0.010816735404346387
-0.010816735404346387
-0.010816735404346387
-0.010816735404346387
-0.010816735404346387
-0.010816735404346387
-0.010816735404346387
-0.010816735404346387
-0.010816735404346387
-0.010816735404346387
-0.010816735404346387
-0.010816735404346387
-0.010816735404346387
-0.010816735404346387
-0.010816735404346387
-0.010816735404346387
-0.010816735404346387
-0.010816735404346387
-0.010816735404346387
-0.010816735404346387
-0.010816735404346387
-0.010816735404346387
-0.010816735404346387
-0.010816735404346387
-0.010816735404346387
-0.010816735404346387
-0.010816735404346387
-0.010816735404346387
-0.010816735404346387
-0.010816735404346387
-0.010816735404346387
-0.010816735404346387
-0.010816735404346387
-0.010816735404346387
-0.010816735404346387
-0.010816735404346387
-0.010816735404346387
-0.010816735404346387
-0.010816735404346387
-0.010816735404346387
-0.010816735404346387
-0.010816735404346387
-0.010816735404346387
-0.010816735404346387
-0.010816735404346387
-0.010816735404346387
-0.010816735404346387
-0.010816735404346387
-0.010816735404346387
-0.010816735404346387
-0.010816735404346387
-0.010816735404346387
-0.010816735404346387
-0.010816735404346387
-0.010816735404346387
-0.010816735404346387
-0.010816735404346387
-0.010816735404346387
-0.010816735404346387
-0.010816735404346387
-0.010816735404346387
-0.010816735404346387
-0.010816735404346387
-0.010816735404346387
-0.010816735404346387
-0.010816735404346387
-0.010816735404346387
-0.010816735404346387
-0.010816735404346387
-0.010816735404346387
-0.010816735404346387
-0.010816735404346387
-0.010816735404346387
-0.010816735404346387
-0.010816735404346387
-0.010816735404346387
-0.010816735404346387
-0.010816735404346387
-0.010816735404346387
-0.010816735404346387
-0.010816735404346387
-0.010816735404346387
-0.010816735404346387
-0.010816735404346387
-0.010816735404346387
-0.010816735404346387
-0.010816735404346387
-0.010816735404346387
-0.010816735404346387
-0.010816735404346387
-0.010816735404346387
-0.010816735404346387
-0.010816735404346387
-0.010816735404346387
-0.010816735404346387
-0.010816735404346387
-0.010816735404346387
-0.010816735404346387
-0.010816735404346387
-0.010816735404346387
-0.010816735404346387
-0.010816735404346387
-0.010816735404346387
-0.010816735404346387
-0.010816735404346387
-0.010816735404346387
-0.010816735404346387
-0.010816735404346387
-0.010816735404346387
-0.010816735404346387
-0.010816735404346387
-0.010816735404346387
-0.010816735404346387
-0.010816735404346387
-0.010816735404346387
-0.010816735404346387
-0.010816735404346387
-0.010816735404346387
-0.010816735404346387
-0.010816735404346387
-0.010816735404346387
-0.010816735404346387
-0.010816735404346387
-0.010816735404346387
-0.010816735404346387
-0.010816735404346387
-0.010816735404346387
-0.010816735404346387
-0.010816735404346387
-0.010816735404346387
-0.010816735404346387
-0.010816735404346387
-0.010816735404346387
-0.010816735404346387
-0.010816735404346387
-0.010816735404346387
-0.010816735404346387
-0.010816735404346387
-0.010816735404346387
-0.010816735404346387
-0.010816735404346387
-0.010816735404346387
-0.010816735404346387
-0.010816735404346387
-0.010816735404346387
-0.010816735404346387
-0.010816735404346387
-0.010816735404346387
-0.010816735404346387
-0.010816735404346387
-0.010816735404346387
-0.010816735404346387
-0.010816735404346387
-0.010816735404346387
-0.010816735404346387
-0.010816735404346387
-0.010816735404346387
-0.010816735404346387
-0.010816735404346387
-0.010816735404346387
-0.010816735404346387
-0.010816735404346387
-0.010816735404346387
-0.010816735404346387
-0.010816735404346387
-0.010816735404346387
-0.010816735404346387
-0.010816735404346387
-0.010816735404346387
-0.010816735404346387
-0.010816735404346387
-0.010816735404346387
-0.010816735404346387
-0.010816735404346387
-0.010816735404346387
-0.010816735404346387
-0.010816735404346387
-0.010816735404346387
-0.010816735404346387
-0.010816735404346387
-0.010816735404346387
-0.010816735404346387
-0.010816735404346387
-0.010816735404346387
-0.010816735404346387
-0.010816735404346387
-0.010816735404346387
-0.010816735404346387
-0.010816735404346387
-0.010816735404346387
-0.010816735404346387
-0.010816735404346387
-0.010816735404346387
-0.010816735404346387
-0.010816735404346387
-0.010816735404346387
-0.010816735404346387
-0.010816735404346387
-0.010816735404346387
-0.010816735404346387
-0.010816735404346387
-0.010816735404346387
-0.010816735404346387
-0.010816735404346387
-0.010816735404346387
-0.010816735404346387
-0.010816735404346387
-0.010816735404346387
-0.010816735404346387
-0.010816735404346387
-0.010816735404346387
-0.010816735404346387
-0.010816735404346387
-0.010816735404346387
-0.010816735404346387
-0.010816735404346387
-0.010816735404346387
-0.010816735404346387
-0.010816735404346387
-0.010816735404346387
