0.0
0.0982334469152331
0.09394588966256281
0.09273936095070388
0.09229375804814266
0.0917463622140545
0.09174636221357733
0.09171192253919956
4.644215816688519e-10
3.111173912122388e-19
2.0841848226009112e-28
1.3962017611053744e-37
9.353197524635456e-47
6.265736105025089e-56
4.1974354831080236e-65
2.811874849243801e-74
1.8836836175902686e-83
1.2618855071699503e-92
8.453409124964378e-102
5.6629650125520326e-111
3.79363798342444e-120
2.5413692640503442e-129
1.7024708703647042e-138
1.1404903745309203e-147
7.640179524492936e-157
5.118179196887585e-166
3.42868403987438e-175
2.2968855490710967e-184
1.5386903269764188e-193
1.0307732772179268e-202
6.905182151335491e-212
4.62580256129777e-221
3.0988392676818317e-230
-1.0342949626867197e-31
-5.171474813433598e-32
2.585737406716799e-31
2.585737406716799e-31
2.585737406716799e-31
2.585737406716799e-31
2.585737406716799e-31
2.585737406716799e-31
2.585737406716799e-31
2.585737406716799e-31
2.585737406716799e-31
2.585737406716799e-31
2.585737406716799e-31
2.585737406716799e-31
2.585737406716799e-31
2.585737406716799e-31
2.585737406716799e-31
2.585737406716799e-31
2.585737406716799e-31
2.585737406716799e-31
2.585737406716799e-31
2.585737406716799e-31
2.585737406716799e-31
2.585737406716799e-31
2.585737406716799e-31
2.585737406716799e-31
2.585737406716799e-31
2.585737406716799e-31
2.585737406716799e-31
2.585737406716799e-31
2.585737406716799e-31
0.0
1.6181052250811056e-18
1.6181052275364098e-18
1.6181052275341734e-18
1.6181052275361613e-18
1.6181052275377188e-18
1.6181052275363187e-18
5.1100138115564725e-17
6.723519562172056e-17
8.786258718558963e-17
4.143586593310376e-17
4.863879936860808e-17
1.2748262952603684e-16
-4.644323489344752e-19
6.858658686544264e-17
1.7181799453264425e-16
2.1550002749460463e-16
4.084361179624399e-16
2.998204218037372e-17
3.546516524914716e-16
1.4721524530477138e-16
-2.607301682863466e-16
9.072018045601194e-17
-8.751041265285896e-18
-3.5521835157860926e-16
7.05494043507304e-17
2.6044681874277773e-16
2.5570522405423007e-16
4.5526949928351005e-18
3.292826662390548e-16
2.5828728467143046e-16
5.197496010695865e-16
4.74501005145804e-16
-5.137666987658669e-16
-6.567992315788814e-16
3.3128738952742393e-16
2.3128355763172284e-16
7.806542786723074e-18
-2.1319349953062614e-16
-2.542750167433456e-16
5.137169760724387e-16
8.847188577881661e-16
3.200671926248345e-16
3.037325971812724e-16
-3.266821504898139e-16
-6.567914146885345e-16
4.895182982583784e-16
7.804194084208113e-16
1.0248675253083707e-15
5.430456862081652e-16
7.349137349758473e-16
7.357218778034726e-16
3.915951843668621e-16
4.723336541841098e-16
5.321770166746135e-16
9.909548526184212e-16
9.315759224768519e-16
1.4059221168396779e-15
9.294845662309735e-16
-1.0106583750234215e-15
-1.8061094160101152e-16
-5.082063230080005e-16
3.9812633062567886e-16
4.085909287454181e-16
-8.792607487685028e-16
6.302968471521892e-16
-2.678308349836477e-16
3.261864505794917e-16
5.056455388741872e-16
-5.727990970773989e-16
1.0563820415378321e-15
6.589800421336158e-16
-8.243663357943e-16
2.61730032161031e-16
1.1063040543246936e-15
1.2123405112175425e-15
8.42519576181865e-16
-4.529341106423725e-16
3.3082295717848946e-16
2.248312274400685e-16
-8.196822806895275e-16
1.232117854150705e-15
5.274929615698411e-16
-1.3847067497052839e-15
0.0
0.0
0.0
0.0
0.0
0.0
0.0
0.0
0.0
0.0
0.0
0.0
0.0
0.0
0.0
0.0
0.0
0.0
0.0
0.0
0.0
0.0
0.0
0.0
0.0
0.0
0.0
0.0
0.0
0.0
0.0
0.0
0.0
-1.5541997264089926e-18
-1.5817863159458382e-16
-4.298967947799678e-16
-4.604650881331473e-16
-3.942337858679288e-16
-5.368858215161163e-16
-2.6516765837671467e-16
-3.3989015324005266e-16
-3.025289058083787e-16
-4.927316200059617e-16
-5.691523533889199e-16
-7.916215994593009e-16
-6.200995089775531e-16
-3.127183369261125e-16
-7.152008660763464e-16
7.787652258678316e-17
-1.7685925535640303e-16
-6.014188852617162e-16
-2.7365885097481337e-16
-3.1611481396534566e-16
-7.712427372238468e-16
-1.1159851567069576e-15
-3.976302629071737e-16
-9.563507358625688e-16
-8.799300024796141e-16
-5.266963903983926e-16
6.501829036991388e-16
-4.859386659274843e-16
-3.7045844659323825e-16
-6.523660408503682e-16
-4.434827029369617e-16
-6.965202423605281e-16
-8.001127920574335e-16
-4.3838798737809883e-16
-7.270885357137112e-16
5.410118331206026e-17
0.0
0.0
0.0
0.0
0.0
0.0
0.0
0.0
0.0
0.0
0.0
3.056406277008873e-31
0.0
0.0
0.0
0.0
0.0
0.0
0.0
0.0
-1.068360034301458e-30
1.842295757592256e-18
1.209006590919918e-17
4.450367278038905e-11
-3.64728201252454e-19
-3.6373948218622207e-19
-4.327142077972198e-19
-3.9609550320803777e-19
-4.351845993007714e-19
-4.116993109502344e-19
-3.2784300493248926e-19
-3.7872743935045198e-19
-1.3732094199452444e-17
8.779939615518892e-14
5.881708390794911e-23
-9.408436660493192e-32
-4.87660192711731e-31
1.3947109141867281e-30
2.8351300106991153e-17
5.0652808832583494e-17
5.0652808847520483e-17
5.0652808847521093e-17
5.065280884752163e-17
5.065280884751932e-17
5.065280884752203e-17
5.065280884752019e-17
5.065280884752282e-17
5.0652808847521993e-17
5.065280884752255e-17
5.065280884752124e-17
5.0652808847523756e-17
5.065280884752169e-17
5.0652808847523824e-17
5.065280884752203e-17
5.065280884752396e-17
-4.104900140100377e-19
-0.00956267642968839
-0.01021545290732725
-0.010215452907262206
-0.010215452907262206
-0.010215452907262206
-0.010215452907262206
-0.010409041133084747
-0.010816735404053087
-0.010816735404346413
-0.010816735404346413
-0.010816735404346413
-0.010816735404346413
-0.010816735404346413
-0.010816735404346413
-0.010816735404346413
-0.010816735404346413
-0.010816735404346413
-0.010816735404346413
-0.010816735404346413
-0.010816735404346413
-0.010816735404346413
-0.010816735404346413
-0.010816735404346413
-0.010816735404346413
-0.010816735404346413
-0.010816735404346413
-0.010816735404346413
-0.010816735404346413
-0.010816735404346413
-0.010816735404346413
-0.010816735404346413
-0.010816735404346413
-0.010816735404346413
-0.010816735404346413
-0.010816735404346413
-0.010816735404346413
-0.010816735404346413
-0.010816735404346413
-0.010816735404346413
-0.010816735404346413
-0.010816735404346413
-0.010816735404346413
-0.010816735404346413
-0.010816735404346413
-0.010816735404346413
-0.010816735404346413
-0.010816735404346413
-0.010816735404346413
-0.010816735404346413
-0.010816735404346413
-0.010816735404346413
-0.010816735404346413
-0.010816735404346413
-0.010816735404346413
-0.010816735404346413
-0.010816735404346413
-0.010816735404346413
-0.010816735404346413
-0.010816735404346413
-0.010816735404346413
-0.010816735404346413
-0.010816735404346413
-0.010816735404346413
-0.010816735404346413
-0.010816735404346413
-0.010816735404346413
-0.010816735404346413
-0.010816735404346413
-0.010816735404346413
-0.010816735404346413
-0.010816735404346413
-0.010816735404346413
-0.010816735404346413
-0.010816735404346413
-0.010816735404346413
-0.010816735404346413
-0.010816735404346413
-0.010816735404346413
-0.010816735404346413
-0.010816735404346413
-0.010816735404346413
-0.010816735404346413
-0.010816735404346413
-0.010816735404346413
-0.010816735404346413
-0.010816735404346413
-0.010816735404346413
-0.010816735404346413
-0.010816735404346413
-0.010816735404346413
-0.010816735404346413
-0.010816735404346413
-0.010816735404346413
-0.010816735404346413
-0.010816735404346413
-0.010816735404346413
-0.010816735404346413
-0.010816735404346413
-0.010816735404346413
-0.010816735404346413
-0.010816735404346413
-0.010816735404346413
-0.010816735404346413
-0.010816735404346413
-0.010816735404346413
-0.010816735404346413
-0.010816735404346413
-0.010816735404346413
-0.010816735404346413
-0.010816735404346413
-0.010816735404346413
-0.010816735404346413
-0.010816735404346413
-0.010816735404346413
-0.010816735404346413
-0.010816735404346413
-0.010816735404346413
-0.010816735404346413
-0.010816735404346413
-0.010816735404346413
-0.010816735404346413
-0.010816735404346413
-0.010816735404346413
-0.010816735404346413
-0.010816735404346413
-0.010816735404346413
-0.010816735404346413
-0.010816735404346413
-0.010816735404346413
-0.010816735404346413
-0.010816735404346413
-0.010816735404346413
-0.010816735404346413
-0.010816735404346413
-0.010816735404346413
-0.010816735404346413
-0.010816735404346413
-0.010816735404346413
-0.010816735404346413
-0.010816735404346413
-0.010816735404346413
-0.010816735404346413
-0.010816735404346413
-0.010816735404346413
-0.010816735404346413
-0.010816735404346413
-0.010816735404346413
-0.010816735404346413
-0.010816735404346413
-0.010816735404346413
-0.010816735404346413
-0.010816735404346413
-0.010816735404346413
-0.010816735404346413
-0.010816735404346413
-0.010816735404346413
-0.010816735404346413
-0.010816735404346413
-0.010816735404346413
-0.010816735404346413
-0.010816735404346413
-0.010816735404346413
-0.010816735404346413
-0.010816735404346413
-0.010816735404346413
-0.010816735404346413
-0.010816735404346413
-0.010816735404346413
-0.010816735404346413
-0.010816735404346413
-0.010816735404346413
-0.010816735404346413
-0.010816735404346413
-0.010816735404346413
-0.010816735404346413
-0.010816735404346413
-0.010816735404346413
-0.010816735404346413
