0.08
0.08
0.08
0.08
0.08
0.08
0.08
0.08
0.08
0.08
0.08
0.08
0.08
0.08
0.08
0.08
0.08
0.08
0.08
0.08
0.08
0.08
0.08
0.08
0.08
0.08
0.08
0.08
0.08
0.08
0.08
0.08
0.0799999999999995
0.0799999999999995
0.0799999999999995
0.0799999999999995
0.0799999999999995
0.0799999999999995
0.0799999999999995
0.0799999999999995
0.0799999999999995
0.0799999999999995
0.0799999999999995
0.0799999999999995
0.0799999999999995
0.0799999999999995
0.0799999999999995
0.0799999999999995
0.0799999999999995
0.0799999999999995
0.0799999999999995
0.0799999999999995
0.0799999999999995
0.0799999999999995
0.0799999999999995
0.0799999999999995
0.0799999999999995
0.0799999999999995
0.0799999999999995
0.0799999999999995
0.0799999999999995
0.0799999999999995
0.0799999999999995
0.0799999999999995
0.0799999999999995
0.0799999999999995
0.0799999999999995
0.0799999999999995
0.0799999999999995
0.0799999999999995
0.0799999999999995
0.0799999999999995
0.0799999999999995
0.0799999999999995
0.0799999999999995
0.0799999999999995
0.0799999999999995
0.0799999999999995
0.0799999999999995
0.0799999999999995
0.0799999999999995
0.0799999999999995
0.0799999999999995
0.0799999999999995
0.0799999999999995
0.0799999999999995
0.0799999999999995
0.0799999999999995
0.0799999999999995
0.0799999999999995
0.0799999999999995
0.0799999999999995
0.0799999999999995
0.0799999999999995
0.0799999999999995
0.0799999999999995
0.0799999999999995
0.0799999999999995
0.0799999999999995
0.0799999999999995
0.0799999999999995
0.0799999999999995
0.0799999999999995
0.0799999999999995
0.0799999999999995
0.0799999999999995
0.0799999999999995
0.0799999999999995
0.0799999999999995
0.0799999999999995
0.0799999999999995
0.0799999999999995
0.0799999999999995
0.0799999999999995
0.0799999999999995
0.0799999999999995
0.0799999999999995
0.0799999999999995
0.0799999999999995
0.0799999999999995
0.0799999999999995
0.0799999999999995
0.0799999999999995
0.0799999999999995
0.0799999999999995
0.0799999999999995
0.0799999999999995
0.0799999999999995
0.0799999999999995
0.0799999999999995
0.0799999999999995
0.0799999999999995
0.0799999999999995
0.0799999999999995
0.0799999999999995
0.0799999999999995
0.0799999999999995
0.0799999999999995
0.0799999999999995
0.0799999999999995
0.0799999999999995
0.0799999999999995
0.0799999999999995
0.0799999999999995
0.0799999999999995
0.0799999999999995
0.0799999999999995
0.0799999999999995
0.0799999999999995
0.0799999999999995
0.0799999999999995
0.0799999999999995
0.0799999999999995
0.0799999999999995
0.0799999999999995
0.08000000000511025
0.08000000000515692
0.08000000000520359
0.08000000000525026
0.08000000000529693
0.0800000000053436
0.08000000000539027
0.08000000000543694
0.08000000000548362
0.08000000000553029
0.08000000000557696
0.08000000000562363
0.0800000000056703
0.08000000000571697
0.08000000000576364
0.08000000000581031
0.08000000000585698
0.08000000000590365
0.08000000000595033
0.080000000005997
0.08000000000604367
0.08000000000609034
0.08000000000613701
0.08000000000618368
0.08000000000623035
0.08000000000627702
0.0800000000063237
0.08000000000637036
0.08000000000641704
0.0800000000064637
0.08000000000651038
0.08000000000655705
0.08000000000660372
0.08000000000665039
0.08000000000669706
0.08000000000674373
0.0800000000067904
0.08000000000683707
0.08000000000688375
0.08000000000693042
0.08000000000697709
0.08000000000702376
0.08000000000707043
0.0800000000071171
0.08000000000716377
0.08000000000721044
0.08000000000725707
0.0800000000073037
0.08000000000735036
0.08000000000735034
0.08000000000735033
0.08000000000735032
0.0800000000073503
0.08000000000735027
0.08000000000735026
0.08000000000735026
0.08000000000735026
0.08000000000735026
0.08000000000735026
0.08000000000735026
0.08000000000735026
0.08000000000735026
0.08000000000735026
0.08000000000735026
0.08000000000735026
0.08000000000735026
0.08000000000735026
0.08000000000735026
0.08000000000735026
0.08000000000735026
0.08000000000735026
0.08000000000735026
0.08000000000735026
0.08000000000735026
0.08000000000735026
0.08000000000735026
0.08000000000735026
0.08000000000735026
0.08000000000735026
0.08000000000735026
0.08000000000735026
0.08000000001149701
0.08000000001149701
0.08000000001149701
0.08000000001149701
0.08000000001149701
0.08000000001149701
0.08000000001149701
0.08000000001149701
0.08000000001149701
0.08000000001149701
0.08000000001149701
0.08000000001149701
0.08000000001149701
0.08000000001149701
0.08000000001149701
0.08000000001149701
0.08000000001149701
0.08000000001149701
0.08000000001149701
0.08000000001149701
0.08000000001149701
0.08000000001149701
0.08000000001149701
0.08000000001149701
0.08000000001149701
0.08000000001149701
0.08000000001149701
0.08000000001149701
0.08000000001149701
0.08000000001149701
0.08000000001149701
0.08000000001149701
0.08000000001149701
0.08000000001149701
0.08000000001149701
0.08000000001149701
0.08000000001149701
0.08000000001149701
0.08000000001149701
0.08000000001149701
0.08000000001149701
0.08000000001149701
0.08000000001149701
0.08000000001149701
0.08000000001149701
0.08000000001149701
0.08000000001149701
0.08000000001149701
0.08000000001149701
0.08000000001149701
0.08000000001149701
0.08000000001149701
0.08000000001149701
0.08000000001149701
0.07915864887078418
0.078303265358091
0.07745712506726463
0.07662012811661745
0.07579217570379279
0.074972351793474
0.07416139570148246
0.07335921150696245
0.07256570432662013
0.07178078030348903
0.07100434659582867
0.07023631136614301
0.0694765837703181
0.06872507394687662
0.06798169300634907
0.06724635302075976
0.06651896701322693
0.06579944894767442
0.06508771371865565
0.06438367714128707
0.06368725594129086
0.062998367745145
0.06231693107033996
0.06164286531574112
0.06097609075205492
0.06031652851239857
0.05966410058297121
0.05901872979382689
0.05838033980974645
0.057748855121208524
0.05712420103545843
0.05650630366767315
0.05589508993222226
0.055290487534023255
0.05469242495999042
0.05410083147057615
0.05351563709140375
0.05293677260499099
0.05236416954256273
0.051797760175952424
0.0512374775095913
0.05068325527258394
0.050135027910869434
0.049592730579468024
0.049056299134810875
0.04852567012715311
0.04800078079306906
0.04748156904802832
0.046967973479052585
0.04645993333745132
0.0459573885316365
0.045460279620015025
0.04496854780395771
0.04448213492084454
0.04400098343718528
0.04352503644181419
0.043054237639158534
0.0425885313425799
0.04212786246778746
0.04167217652632267
0.04122141961911415
0.04077553843010266
0.0403344802199345
0.039898192819723594
0.039466624624881035
0.039039724589010984
0.038617442217873055
0.03819972756340967
0.03778653121783814
0.03737780430780667
0.03697349848861366
0.036573565938489254
0.0361779593529392
0.03578663193914927
0.03539953741045074
0.03501662998084563
0.034637864359590875
0.034263195745841565
0.033892579823351456
0.03352597275523157
0.033163331178764875
0.0328046122002774
0.03244977339006481
0.03209877277737345
0.03175156884543635
0.031408120526562326
0.03106838719727865
0.03073232867352589
0.030399905205904954
0.030071077474975443
0.02974580658660498
0.02942405406736881
0.029105781859998875
0.02879095231888263
0.02847952820561009
0.028171472684569404
0.027866749318589637
0.02756532206463117
0.027267155269522447
0.026972213665742793
0.026680462367250937
0.026391866865358753
0.026106393024649403
0.025824007078939882
0.02554467562728702
0.025268365630036777
0.024995044404916344
0.02472467962316848
0.024457239305727418
0.024192691819436552
0.023931005873306793
