0.08
0.08785867575321865
0.09611263721142942
0.10502606176570423
0.11471931169905741
0.12524439122314615
0.1367351085055239
0.14927534818517155
0.14927534825449823
0.14927534825449823
0.14927534825449823
0.14927534825449823
0.14927534825449823
0.14927534825449823
0.14927534825449823
0.14927534825449823
0.14927534825449823
0.14927534825449823
0.14927534825449823
0.14927534825449823
0.14927534825449823
0.14927534825449823
0.14927534825449823
0.14927534825449823
0.14927534825449823
0.14927534825449823
0.14927534825449823
0.14927534825449823
0.14927534825449823
0.14927534825449823
0.14927534825449823
0.14927534825449823
0.14927534825449823
0.14927534825449823
0.14927534825449823
0.14927534825449823
0.14927534825449823
0.14927534825449823
0.14927534825449823
0.14927534825449823
0.14927534825449823
0.14927534825449823
0.14927534825449823
0.14927534825449823
0.14927534825449823
0.14927534825449823
0.14927534825449823
0.14927534825449823
0.14927534825449823
0.14927534825449823
0.14927534825449823
0.14927534825449823
0.14927534825449823
0.14927534825449823
0.14927534825449823
0.14927534825449823
0.14927534825449823
0.14927534825449823
0.14927534825449823
0.14927534825449823
0.14927534825449823
0.14927534825449823
0.14927534825449823
0.14927534825449823
0.14927534825449823
0.14927534825449823
0.14927534825449823
0.14927534825449823
0.14927534825449823
0.14927534825449823
0.14927534825449823
0.14927534825449823
0.14927534825449823
0.14927534825449823
0.14927534825449823
0.14927534825449823
0.14927534825449826
0.14927534825449826
0.14927534825449826
0.14927534825449829
0.1492753482544983
0.14927534825449837
0.14927534825449837
0.14927534825449842
0.14927534825449845
0.14927534825449842
0.14927534825449842
0.14927534825449842
0.14927534825449837
0.14927534825449837
0.1492753482544984
0.14927534825449842
0.14927534825449842
0.14927534825449848
0.1492753482544985
0.1492753482544986
0.14927534825449867
0.1492753482544986
0.14927534825449848
0.14927534825449854
0.14927534825449856
0.14927534825449856
0.14927534825449854
0.1492753482544985
0.1492753482544986
0.14927534825449873
0.14927534825449879
0.14927534825449884
0.14927534825449879
0.14927534825449867
0.14927534825449876
0.14927534825449887
0.14927534825449904
0.14927534825449912
0.14927534825449923
0.14927534825449934
0.1492753482544994
0.14927534825449948
0.14927534825449956
0.1492753482544997
0.14927534825449984
0.14927534825450006
0.1492753482545002
0.14927534825450006
0.14927534825450003
0.14927534825449995
0.1492753482545
0.14927534825450006
0.14927534825449992
0.1492753482545
0.14927534825449998
0.14927534825450003
0.14927534825450012
0.14927534825450003
0.1492753482545002
0.1492753482545003
0.1492753482545002
0.14927534825450023
0.1492753482545004
0.1492753482545006
0.14927534825450073
0.14927534825450067
0.14927534825450073
0.14927534825450076
0.14927534825450064
0.14927534825450084
0.14927534825450092
0.14927534825450073
0.14927534825450073
0.14927534825450073
0.14927534825450073
0.14927534825450073
0.14927534825450073
0.14927534825450073
0.14927534825450073
0.14927534825450073
0.14927534825450073
0.14927534825450073
0.14927534825450073
0.14927534825450073
0.14927534825450073
0.14927534825450073
0.14927534825450073
0.14927534825450073
0.14927534825450073
0.14927534825450073
0.14927534825450073
0.14927534825450073
0.14927534825450073
0.14927534825450073
0.14927534825450073
0.14927534825450073
0.14927534825450073
0.14927534825450073
0.14927534825450073
0.14927534825450073
0.14927534825450073
0.14927534825450073
0.14927534825450073
0.14927534825450073
0.14927534825450073
0.14927534825450073
0.1492753482545007
0.14927534825450064
0.1492753482545006
0.14927534825450053
0.14927534825450045
0.14927534825450042
0.14927534825450037
0.1492753482545003
0.14927534825450023
0.14927534825450015
0.14927534825450003
0.14927534825449995
0.1492753482544999
0.14927534825449978
0.14927534825449978
0.14927534825449976
0.14927534825449967
0.14927534825449965
0.1492753482544996
0.14927534825449948
0.1492753482544993
0.14927534825449926
0.14927534825449912
0.14927534825449898
0.1492753482544989
0.14927534825449898
0.1492753482544989
0.14927534825449884
0.14927534825449873
0.14927534825449867
0.14927534825449856
0.14927534825449845
0.1492753482544984
0.14927534825449829
0.14927534825449829
0.14927534825449829
0.14927534825449829
0.14927534825449829
0.14927534825449829
0.14927534825449829
0.14927534825449829
0.14927534825449829
0.14927534825449829
0.14927534825449829
0.14927534825449829
0.14927534825449829
0.14927534825449829
0.14927534825449829
0.14927534825449829
0.14927534825449829
0.14927534825449829
0.14927534825449829
0.14927534825449829
0.14927534825449829
0.14927534825449829
0.14927534825449829
0.14927534825449829
0.14927534825449829
0.14927534826114158
0.14927534826114158
0.14927534826114158
0.14927534826114158
0.14927534826114158
0.14927534826114158
0.14927534826114158
0.14927534826114158
0.14927534826114158
0.14927534826114158
0.14927534826115468
0.14927534826115468
0.14927534826115468
0.14927534826115468
0.14927534826115468
0.14927534826115468
0.14927534826115468
0.14927534826115468
0.14927534826115468
0.14927534826115468
0.14927534826115468
0.14927534826115468
0.14927534826115468
0.14927534826115468
0.14927534826115468
0.14927534826115468
0.14927534826115468
0.14927534826115468
0.14927534826115468
0.14927534826115468
0.14927534826115468
0.14927534826115468
0.14927534826115468
0.14784787640680422
0.14633754338792218
0.14484263910487843
0.14336300594613896
0.1418984879102526
0.1404489305893937
0.13898699189379093
0.13748360637787052
0.13599648258524577
0.13452544461719937
0.13307031847762307
0.13163093205247853
0.13020711508943936
0.1287986991777536
0.12740551772832384
0.1260274059540028
0.1246642008501022
0.12331574117511235
0.1219818674316303
0.12066242184749429
0.11935724835712232
0.11806619258305247
0.11678910181768298
0.11552582500520983
0.11427621272375965
0.11304011716771593
0.11181739213023643
0.11060789298595962
0.10941147667389824
0.10822800168051785
0.10705732802299854
0.10589931723267744
0.10475383233867062
0.10362073785167196
0.10249989974792728
0.10139118545338192
0.10029446382799967
0.0992096051502514
0.09813648110177145
0.09707496475217994
0.09602493054406935
0.09498625427815341
0.09395881309857666
0.09294248547838292
0.09193715120514094
0.09094269136672554
0.08995898833725254
0.08898592576316579
0.08802338854947481
0.08707126284614117
0.08612943603461216
0.08519779671450019
0.08427623469040614
0.08336464095888542
0.08246290769555481
0.08157092824233896
0.08068859709485465
0.0798158098899317
0.0789524633932687
0.07809845548722236
0.07725368515872895
0.0764180524873563
0.07559145863348511
0.0747738058266181
0.0739649973538156
0.0731649375482562
0.07237353177792119
0.07159068643440136
0.07081630892182492
0.07005030764590509
0.06929259200310627
0.06854307236992734
0.06780166009230086
0.06706826747510701
0.06634280777180085
0.06562519517415186
0.06491534480209446
0.06421317269368829
0.06351859579518705
0.06283153195121488
0.06215189989504885
0.06147961923900668
0.060814610464938385
0.060156794914820746
0.0595060947814536
0.05886243309925666
0.05822573373516596
0.05759592137962874
0.05697292153769576
0.05635666052020991
0.055747065435090226
0.05514406417871007
0.054547585427368664
0.05395755862885483
0.053373913994102004
0.05279658248893346
0.05222549582589692
0.051660586456187395
0.05110178756165745
0.05054903304691388
0.05000225753149985
0.04946139634216163
0.04892638550519896
0.04839716173889817
0.047873662446047155
0.04735582570653127
0.04684359027000937
0.046336895548669065
0.045835681610060276
0.045339889170006385
0.044849459585592034
0.04436433484822676
0.043884457576783664
0.04340977101081233
0.04294021900382511
0.042475746016656046
0.04201629711089166
0.041561817942372736
0.04111225475476647
0.040667554373208084
0.04022766419801122
0.03979253219844644
0.03936210690658691
0.03893633741122076
0.03851517335182923
0.03809856491262996
0.037686462816684724
0.037278818320070906
0.036875583206115996
0.03647670977969448
0.036082150861586386
0.03569185978289689
0.03530579037953627
0.0349238969867595
0.03454613443376507
0.034172458038352053
0.03380282360163507
0.03343718740281639
0.03307550619401458
0.0327177371951491
0.03236383808888023
0.032013767015603704
0.03166748256849953
0.03132494378863432
0.030986110160116636
0.030650941605304724
0.03031939848006607
0.029991441569088253
0.02966703208124051
0.029346131644985476
0.02902870230384055
0.028714706511888365
0.028404107129335804
0.02809686741812107
0.027792951037568254
0.02749232204008892
0.0271949448669302
0.026900784343968826
0.02660980567755073
0.02632197445037559
0.02603725661742591
0.025755618501940147
0.02547702679142937
0.025201448533737035
0.024928851133141347
0.024659202346499817
0.02439247027943549
0.024128623382564454
0.02386763044776413
0.023609460604481942
0.02335408331608392
0.02310146837624278
0.022851585905365086
0.02260440634705706
0.022359900464628615
0.022118039337635204
0.021878794358457077
0.021642137228915538
