0.08
0.08773012847262278
0.09616490233426682
0.10511240283638089
0.11489240837048595
0.12558237795893779
0.13726697766632254
0.15003875116783993
0.16399885270824355
0.1792578482577047
0.19593659120986684
0.2141671795577429
0.23409400212842285
0.25587488216291837
0.2796823272984575
0.3053753567934127
0.33309906448086507
0.36333333630473047
0.36333333640043697
0.36333333640043697
0.36333333640043697
0.36333333640043697
0.36333333640043697
0.36333333640043697
0.36333333640043697
0.36333333640043697
0.36333333640043697
0.36333333640043697
0.36333333640043697
0.36333333640043697
0.36333333640043697
0.36333333640043697
0.36333333640043697
0.36333333640043697
0.36333333640043697
0.36333333640043697
0.36333333640043697
0.36333333640043697
0.36333333640043697
0.36333333640043697
0.36333333640043697
0.36333333640043697
0.36333333640043697
0.36333333640043697
0.36333333640043697
0.36333333640043697
0.36333333640043697
0.36333333640043697
0.36333333640043697
0.36333333640043697
0.36333333640043697
0.36333333640043697
0.36333333640043697
0.36333333640043697
0.36333333640043697
0.36333333640043697
0.36333333640043697
0.36333333640043697
0.36333333640043697
0.36333333640043697
0.36333333640043697
0.36333333640043697
0.36333333640043697
0.36333333640043697
0.36333333640043697
0.36333333640043697
0.36333333640043697
0.36333333640043697
0.36333333640043697
0.36333333640043697
0.36333333640043697
0.36333333640043697
0.36333333640043697
0.36333333640043697
0.36333333640043697
0.36333333640043697
0.36333333640043697
0.36333333640043697
0.36333333640043697
0.36333333640043697
0.36333333640043697
0.36333333640043697
0.36333333640043697
0.36333333640043697
0.36333333640043697
0.36333333640043697
0.36333333640043697
0.36333333640043697
0.36333333640043697
0.36333333640043697
0.36333333640043697
0.36333333640043697
0.36333333640043697
0.36333333640043697
0.36333333640043697
0.36333333640043697
0.36333333640043697
0.36333333640043697
0.36333333640043697
0.36333333640043697
0.36333333640043697
0.36333333640043697
0.36333333640043697
0.36333333640043697
0.36333333640043697
0.36333333640043697
0.36333333640634063
0.36333333640634063
0.36333333640634063
0.36333333640634063
0.36333333640634063
0.36333333640634063
0.36333333640634063
0.36333333640634063
0.36333333640634063
0.36333333640634063
0.36333333640634063
0.36333333640634063
0.36333333640634063
0.36333333640634063
0.36333333640634063
0.36333333640634063
0.36333333640634063
0.36333333640634063
0.36333333640634063
0.36333333640634063
0.36333333640634063
0.36333333640634063
0.36333333640634063
0.36333333640634063
0.36333333640634063
0.36333333640634063
0.36333333640634063
0.36333333640634063
0.36333333640634063
0.36333333640634063
0.36333333640634063
0.36333333640634063
0.36333333640634063
0.3633333364063403
0.3633333364063403
0.3633333364063403
0.3633333364063403
0.3633333364063403
0.3613192544964532
0.3576282146680648
0.35397488048281495
0.350358866760889
0.3467797922568514
0.3432372796198614
0.3397309553538879
0.3362604497783311
0.33282539698904573
0.3294254348197633
0.3260602048039076
0.32272935213680104
0.3194325256382563
0.31616937771555087
0.3127545922691269
0.3093716085980591
0.3060252177662369
0.30271502395860206
0.29944063564152146
0.2962016655164778
0.29299773047425937
0.2898284515496453
0.28669345387658135
0.2835923666438402
0.2805248230511614
0.2774904602658659
0.2744889193799397
0.2715198453675819
0.2685828870432117
0.2656776970199298
0.26280393166842914
0.2599612510763498
0.2571493190080741
0.25436780286495586
0.2516163736459807
0.248894705908851
0.24620247773149234
0.2435393706739763
0.24090506974085485
0.23829926334390242
0.23572164326526077
0.23317190462098272
0.23064974582497005
0.2281548685533016
0.2256869777089471
0.2232457813868628
0.22083099083946453
0.2184423204424744
0.21607948766113672
0.21374221301679946
0.2114302200538573
0.209143235307052
0.20688098826912668
0.20464321135882985
0.20242963988926566
0.20024001203658634
0.19807406880902345
0.19593155401625395
0.19381221423909772
0.1917157987995429
0.18964205973109532
0.1875907517494488
0.1855616322234726
0.18355446114651267
0.18156900110800345
0.1796050172653867
0.17766227731633394
0.17574055147126955
0.1738396124261909
0.17195923533578267
0.17009919778682178
0.16825927977187013
0.16643926366325193
0.1646389341873123
0.16285807839895453
0.16109648565645274
0.15935394759653682
0.15763025810974698
0.15592521331605502
0.154238611540749
0.15257025329057894
0.15091994123016064
0.1492874801586345
0.14767267698657693
0.1460753407131616
0.1444952824035676
0.1429323151666319
0.1413862541327438
0.13985691643197823
0.13834412117246572
0.13684768941899633
0.13536744417185487
0.1339032103458853
0.1324548147497813
0.1310220860656012
0.1296048548285041
0.12820295340670543
0.12681621598164936
0.1254444785283954
0.12408757879621754
0.12274535628941287
0.12141765224831806
0.12010430963053106
0.11880517309233592
0.11752008897032855
0.11624890526324126
0.11499147161396385
0.1137476392917592
0.1125172611746712
0.11130019173212305
0.11009628700770366
0.10890540460214035
0.10772740365645571
0.10656214483530661
0.10540949031050346
0.10426930374470773
0.1031414502753058
0.10202579649845726
0.10092221045331576
0.09983056160642048
0.09875072083625654
0.09768256041798228
0.09662595400832188
0.09558077663062133
0.09454690466006596
0.09352421580905806
0.0925125891127525
0.09151190491474884
0.0905220448529383
0.0895428918455037
0.08857433007707087
0.08761624498500996
0.08666852324588471
0.08573105276204854
0.0848037226483854
0.08388642321919423
0.08297904597521519
0.08208148359079619
0.08119362990119834
0.08031537989003865
0.07944662967686854
0.07858727650488675
0.07773721872878518
0.07689635580272611
0.07606458826844954
0.07524181774350917
0.07442794690963558
0.07362287950122531
0.07282652029395448
0.07203877509351551
0.07125955072447573
0.07048875501925649
0.0697262968072314
0.06897208590394266
0.06822603310043386
0.06748805015269829
0.06675804977124129
0.06603594561075558
0.06532165225990823
0.06461508523123807
0.06391616095116248
0.06322479675009214
0.06254091085265281
0.06186442236801285
0.061195251280315326
0.06053331843921367
0.05987854555050965
0.059230855166892686
0.058590170678779245
0.0579564163052514
0.057329517085093346
0.056709398867924934
0.05609598830543105
0.05548921284268589
0.0548890007095711
0.054295280912286685
0.05370798322495382
0.05312703818130842
0.0525523770664846
0.051983931908887
0.051421635472151006
0.05086542124719
0.050315223444328525
0.04977097698552066
0.04923261749665247
0.04870008129992778
0.048173305406336304
0.04765222750820319
0.047136785971819244
0.04662691983015077
0.046122568775628356
0.04562367315301361
0.04513017395234308
0.04464201280194846
0.04415913196155234
0.04368147431543862
0.043208983365696764
0.042741603225539215
0.042279278612691
0.04182195484285088
0.04136957782322324
0.04092209404611991
0.040479450582631256
0.04004159507636562
0.03960847573725659
0.03918004133543721
0.03875624119518043
0.03833702518890514
0.03792234373124699
0.03751214777319342
0.037106388796282044
0.03670501880686186
0.03630799033041648
0.035915256405948795
0.035526770580426394
0.035142486903287
0.03476235992100344
0.03438634467170729
0.03401439667987078
0.03364647195104614
0.03328252696666191
0.0329225186788755
0.032566404505481455
0.032214142324874746
0.03186569047106862
0.031521007728766266
0.031180053328485845
0.030842786941738205
0.030509168676256793
0.03017915907127915
0.029852719092879444
0.029529810129351488
0.029210393986641704
0.02889443288383149
0.02858188944866844
0.028272726713145912
0.027966908109130415
0.027664397464036282
0.02736515899654713
0.027069157312383612
0.02677635740011693
0.02648672462702765
0.026200224735009308
0.0259168238365163
0.025636488410555644
0.02535918529872207
0.025084881701276002
0.02481354517326397
0.024545143620680977
0.02427964529667439
0.024017018797788878
0.023757233060251983
0.023500257356299847
0.023246061290542706
0.022994614796369685
0.022745888132392485
0.022499851878927533
